-48.977725 69.6425 -48.877475 69.6675 0.01364399111304689 0.02183778871254794 1013.8768750712577
-48.977725 69.61749999999999 -48.877475 69.6425 0.02486033501721541 0.019130071794000652 1020.1199237374518
-48.977725 69.5925 -48.877475 69.6175 0.014362701259317127 0.02055073006270259 1092.3061102435083
-48.977725 69.5675 -48.877475 69.5925 0.005679050648479571 -7.388516790802171E-4 1125.4291672696581
-48.977725 69.5425 -48.877475 69.56750000000001 0.006196812869318366 0.020033387880350133 1134.18522670399
-48.977725 69.5175 -48.877475 69.5425 -0.007171568859180595 0.022132461362357116 1183.41154933775
-48.977725 69.49249999999999 -48.877475 69.5175 -0.0075270445017998735 -0.0016565528005645354 1216.1006602425516
-48.977725 69.4675 -48.877475 69.4925 0.020519480273284554 0.03200082292948046 1278.6306644409788
-48.977725 69.4425 -48.877475 69.4675 4.1812345450387866E-4 -0.004416009343095399 1291.0141727590772
-48.977725 69.4175 -48.877475 69.44250000000001 0.027276052599882025 0.01321192187722657 1318.9047755351671
-48.977725 69.3925 -48.877475 69.4175 0.020545348078979783 -0.03552993910896358 1286.9607688647438
-48.977725 69.36749999999999 -48.877475 69.3925 0.06745103904770183 -0.005961695636437738 1335.2183500426008
-48.977725 69.3425 -48.877475 69.3675 0.043064265960507594 0.04043855192726179 1364.326357334233
-48.977725 69.3175 -48.877475 69.3425 -0.01053584555710387 -0.007726667684415496 1359.3565035720992
-48.977725 69.2925 -48.877475 69.31750000000001 -0.003968601803232741 -0.006815931883395214 1346.5122378622443
-48.977725 69.2675 -48.877475 69.2925 0.015582438712472835 4.100401906219991E-5 1347.2546025710587
-48.977725 69.24249999999999 -48.877475 69.2675 0.015282834115073063 -0.012495609098506479 1326.228726250279
-48.977725 69.2175 -48.877475 69.2425 0.024723938389724046 0.013302204999184289 1323.423829703923
-48.977725 69.1925 -48.877475 69.2175 0.018401263989457985 -0.01348137297765736 1311.6390795000066
-48.977725 69.1675 -48.877475 69.19250000000001 0.011363126426693385 0.004179384273538631 1294.293560552798
-48.977725 69.1425 -48.877475 69.1675 0.015876283788355955 0.0016727128654567271 1296.0392004532516
-48.977725 69.11749999999999 -48.877475 69.1425 0.0084869262019632 0.007078731048914904 1311.4456225889303
-48.977725 69.0925 -48.877475 69.1175 0.01844856205108134 0.007318553830739187 1318.5886040868024
-48.977725 69.0675 -48.877475 69.0925 0.02769895646838759 -0.006375616049712858 1317.9711720183186
-48.977725 69.0425 -48.877475 69.06750000000001 0.029567754517340707 0.0025304684849959676 1300.5211774032882
-48.977725 69.0175 -48.877475 69.0425 0.006270383638091388 0.0011980464520298323 1316.7167619675445
-48.977725 68.99249999999999 -48.877475 69.0175 0.02861601253524937 0.014237981336945284 1330.5898037968664
-48.977725 68.9675 -48.877475 68.9925 0.010664579483451708 -0.02480004270048 1314.8274777857014
-48.877475 69.6425 -48.777224999999994 69.6675 0.0170799496971916 0.02314250089864411 1062.1067313051976
-48.877475 69.61749999999999 -48.777224999999994 69.6425 0.01709742759148635 0.017798430900292886 1097.647577267337
-48.877475 69.5925 -48.777224999999994 69.6175 0.01372659040280911 0.005198346911022498 1134.15147777013
-48.877475 69.5675 -48.777224999999994 69.5925 0.018478320417891537 4.0853438584255236E-4 1154.9556199626488
-48.877475 69.5425 -48.777224999999994 69.56750000000001 0.031320702048609386 0.014461163703832906 1179.9928615803087
-48.877475 69.5175 -48.777224999999994 69.5425 0.01143197230173028 -0.007782135367086665 1209.1812755643364
-48.877475 69.49249999999999 -48.777224999999994 69.5175 8.791860889182802E-4 0.02759644346973071 1254.0360146105372
-48.877475 69.4675 -48.777224999999994 69.4925 -0.007716247292814047 0.020627009614709996 1288.5383354582423
-48.877475 69.4425 -48.777224999999994 69.4675 0.022984658290008265 0.02907474915608289 1331.2330417928604
-48.877475 69.4175 -48.777224999999994 69.44250000000001 0.025165742434662065 0.05795058451798345 1423.3887944669239
-48.877475 69.3925 -48.777224999999994 69.4175 -0.010286096893806702 -0.01466385968604262 1359.7532007598534
-48.877475 69.36749999999999 -48.777224999999994 69.3925 -0.008192525400305448 -0.02676323359058119 1423.564162178209
-48.877475 69.3425 -48.777224999999994 69.3675 -0.00934834055235188 0.016717504936399417 1422.4179339894108
-48.877475 69.3175 -48.777224999999994 69.3425 0.004772897717650821 -0.027813131013649146 1437.95474741999
-48.877475 69.2925 -48.777224999999994 69.31750000000001 0.012847843057935135 0.015344022812156362 1375.3479393917182
-48.877475 69.2675 -48.777224999999994 69.2925 0.011577531472931923 0.0027572739226285063 1360.5324732428417
-48.877475 69.24249999999999 -48.777224999999994 69.2675 -0.0042079532655576275 0.006499178699612642 1358.4978831488854
-48.877475 69.2175 -48.777224999999994 69.2425 0.00741110119791798 -0.00818166280091093 1354.3303975494478
-48.877475 69.1925 -48.777224999999994 69.2175 0.001376926956408043 0.0031169200185899243 1347.1830690399504
-48.877475 69.1675 -48.777224999999994 69.19250000000001 0.01488818539682407 0.003484440084469235 1368.5915093502451
-48.877475 69.1425 -48.777224999999994 69.1675 0.035830589807621153 0.015818132488363345 1382.6858751603447
-48.877475 69.11749999999999 -48.777224999999994 69.1425 0.03364146969965995 -0.017440560039214577 1383.6943384380186
-48.877475 69.0925 -48.777224999999994 69.1175 0.019637917627312703 -0.0032048878297269616 1362.3367956790041
-48.877475 69.0675 -48.777224999999994 69.0925 2.1377919261952825E-4 0.0017576520598944789 1364.677352416197
-48.877475 69.0425 -48.777224999999994 69.06750000000001 -6.653430260609493E-4 -0.016435063809881977 1364.7855212554296
-48.877475 69.0175 -48.777224999999994 69.0425 0.011006882357605332 -0.0022429702298670242 1334.5972623924292
-48.877475 68.99249999999999 -48.777224999999994 69.0175 0.0016474644423470474 0.008118568367836382 1350.684084056735
-48.877475 68.9675 -48.777224999999994 68.9925 4.063010564710069E-5 -0.010784589678934054 1353.1771201054164
-48.777225 69.6425 -48.676975 69.6675 0.009418717996836249 0.016373279354120827 1126.68787894194
-48.777225 69.61749999999999 -48.676975 69.6425 0.009058839577991104 0.013721202874092132 1160.879582901899
-48.777225 69.5925 -48.676975 69.6175 0.01848888082814178 0.0036622821790252276 1189.1702333232024
-48.777225 69.5675 -48.676975 69.5925 0.002474601507861587 0.01392431690725248 1228.2441786392103
-48.777225 69.5425 -48.676975 69.56750000000001 -0.006947654304854913 0.009381613735716875 1199.9424163491378
-48.777225 69.5175 -48.676975 69.5425 0.016093147440200496 -0.0022850551434087886 1243.6149290995759
-48.777225 69.49249999999999 -48.676975 69.5175 0.010058675903527482 0.0024616641069643993 1260.6739128831746
-48.777225 69.4675 -48.676975 69.4925 0.023901728401502634 0.013577441963591388 1319.3974140682524
-48.777225 69.4425 -48.676975 69.4675 0.0038371817762670748 0.053442772745077485 1366.0134753862587
-48.777225 69.4175 -48.676975 69.44250000000001 -0.018565671433135585 -0.022359485834272063 1442.8409017803767
-48.777225 69.3925 -48.676975 69.4175 0.015490401544348683 0.030118780467272937 1352.1733189590539
-48.777225 69.36749999999999 -48.676975 69.3925 -0.021651623350206366 0.03801118619016929 1421.3217997325487
-48.777225 69.3425 -48.676975 69.3675 0.023439456216916375 -0.018283134317484545 1404.180781445031
-48.777225 69.3175 -48.676975 69.3425 0.020026385924364166 0.021753711841826607 1372.9117072342062
-48.777225 69.2925 -48.676975 69.31750000000001 -0.003370562150535595 -0.016791283902094046 1438.6864783591827
-48.777225 69.2675 -48.676975 69.2925 0.022255659061176512 0.010688826639655069 1405.622569419437
-48.777225 69.24249999999999 -48.676975 69.2675 0.02987210367419328 -0.007007508028513427 1433.5661777524442
-48.777225 69.2175 -48.676975 69.2425 0.027910427373370687 0.006968545282870429 1427.0413890616283
-48.777225 69.1925 -48.676975 69.2175 0.03420125787606227 -0.0051458258539644215 1409.4323624708363
-48.777225 69.1675 -48.676975 69.19250000000001 0.008907363787388347 0.014300875642187657 1417.332356187228
-48.777225 69.1425 -48.676975 69.1675 -0.0017246401286412658 0.003483691205409055 1429.1751895112182
-48.777225 69.11749999999999 -48.676975 69.1425 -0.009499245271524688 0.01091305771460404 1437.7121559798823
-48.777225 69.0925 -48.676975 69.1175 -1.9573144148080516E-4 0.017993052047679342 1441.1916884059915
-48.777225 69.0675 -48.676975 69.0925 -0.0037153342634289755 -0.010763087573913364 1430.4198539054105
-48.777225 69.0425 -48.676975 69.06750000000001 0.01648744026959342 0.0013045158700881819 1421.2759582628235
-48.777225 69.0175 -48.676975 69.0425 0.02477907661668496 -0.0021396099647690804 1418.5750400785028
-48.777225 68.99249999999999 -48.676975 69.0175 0.023364932210460813 0.0010867847449278366 1418.7835267213618
-48.777225 68.9675 -48.676975 68.9925 0.02829340447240049 0.03628331586364043 1462.591446475359
-48.676975 69.6425 -48.576724999999996 69.6675 0.020733865366962874 0.005562864308062045 1167.5127016001284
-48.676975 69.61749999999999 -48.576724999999996 69.6425 0.014901580420687654 0.02655698009250842 1215.5623900991563
-48.676975 69.5925 -48.576724999999996 69.6175 0.06280031960493528 -0.057662526669792116 1314.1314378637014
-48.676975 69.5675 -48.576724999999996 69.5925 0.02743592200884783 0.02204729135679364 1258.0953346434858
-48.676975 69.5425 -48.576724999999996 69.56750000000001 0.023319924174120064 0.012201679165678927 1264.429441107449
-48.676975 69.5175 -48.576724999999996 69.5425 0.016887983831594015 0.008254885306830433 1300.9922709894388
-48.676975 69.49249999999999 -48.576724999999996 69.5175 0.007365932770823528 -0.006161942891053725 1345.4510596839687
-48.676975 69.4675 -48.576724999999996 69.4925 -0.011733899722518083 0.03685314718296124 1371.5852009828857
-48.676975 69.4425 -48.576724999999996 69.4675 -5.281084331111431E-4 0.0036391749136723247 1398.5649865112177
-48.676975 69.4175 -48.576724999999996 69.44250000000001 0.062086098703431784 -0.02095804542546302 1391.1526869593563
-48.676975 69.3925 -48.576724999999996 69.4175 0.02678693822384811 0.013238815759119461 1366.8909981951906
-48.676975 69.36749999999999 -48.576724999999996 69.3925 0.013009812430702778 0.013285180306437458 1406.1874213555122
-48.676975 69.3425 -48.576724999999996 69.3675 0.00864466919171549 -0.01943504518423602 1434.543313886031
-48.676975 69.3175 -48.576724999999996 69.3425 0.038658334954428684 0.02412065736448954 1433.8650000685782
-48.676975 69.2925 -48.576724999999996 69.31750000000001 0.04517521318693074 -0.032672907867941 1448.015446639372
-48.676975 69.2675 -48.576724999999996 69.2925 -0.027301207388217872 -0.008750255213083842 1448.069156810115
-48.676975 69.24249999999999 -48.576724999999996 69.2675 -0.007943606079096773 -0.004542916936807135 1436.036206512588
-48.676975 69.2175 -48.576724999999996 69.2425 -0.032056969967298406 -0.0016561716329945816 1467.12986036209
-48.676975 69.1925 -48.576724999999996 69.2175 -0.006264580042981953 -0.010258429083766367 1472.1792771050661
-48.676975 69.1675 -48.576724999999996 69.19250000000001 0.0029838549311686003 0.021470331151730228 1475.4593503915921
-48.676975 69.1425 -48.576724999999996 69.1675 0.0031361305435599176 3.879515954330377E-4 1482.7984808035353
-48.676975 69.11749999999999 -48.576724999999996 69.1425 0.011421482409678226 -0.025102166362374924 1479.2623543134084
-48.676975 69.0925 -48.576724999999996 69.1175 0.016185864624054323 -0.001678729539642893 1450.1284000044013
-48.676975 69.0675 -48.576724999999996 69.0925 0.025710331787998746 0.006746928272388446 1455.8722437903457
-48.676975 69.0425 -48.576724999999996 69.06750000000001 0.010374094433312095 0.007234188072296395 1491.2315870906878
-48.676975 69.0175 -48.576724999999996 69.0425 0.019425364343711008 0.011095872308382907 1493.2235331739878
-48.676975 68.99249999999999 -48.576724999999996 69.0175 0.015961610960712386 -5.207864039392054E-4 1507.444088933603
-48.676975 68.9675 -48.576724999999996 68.9925 0.010110682666592211 0.039690637098018657 1551.434251437274
-48.576724999999996 69.6425 -48.47647499999999 69.6675 0.020194649970620215 -0.0019554739303945076 1238.3621248544566
-48.576724999999996 69.61749999999999 -48.47647499999999 69.6425 0.010139497483848263 0.0023752558683133983 1255.090831806686
-48.576724999999996 69.5925 -48.47647499999999 69.6175 -0.013176215524963734 -0.003264424090043294 1312.6811182991487
-48.576724999999996 69.5675 -48.47647499999999 69.5925 0.01960226982092533 0.026805723358186116 1288.22163865957
-48.576724999999996 69.5425 -48.47647499999999 69.56750000000001 0.00524646204516195 0.01735460705491357 1357.9538618881384
-48.576724999999996 69.5175 -48.47647499999999 69.5425 0.02158352768690602 0.013660218977264845 1332.7592971676129
-48.576724999999996 69.49249999999999 -48.47647499999999 69.5175 0.02028372915428462 0.027534006245384084 1379.4503917030413
-48.576724999999996 69.4675 -48.47647499999999 69.4925 -0.0035886678291059374 -0.027969945755653543 1362.453896912017
-48.576724999999996 69.4425 -48.47647499999999 69.4675 0.010480949025550416 0.04214472603335131 1406.4022001776373
-48.576724999999996 69.4175 -48.47647499999999 69.44250000000001 -0.00646568724765404 -0.008838755124635835 1483.614364452689
-48.576724999999996 69.3925 -48.47647499999999 69.4175 0.008648405551509473 -0.008259979715770874 1462.5222703086743
-48.576724999999996 69.36749999999999 -48.47647499999999 69.3925 0.020199304217486003 -0.013240916123217093 1452.3814323104132
-48.576724999999996 69.3425 -48.47647499999999 69.3675 0.002263568342430909 0.02278213304975403 1456.117587631257
-48.576724999999996 69.3175 -48.47647499999999 69.3425 0.009241728238356199 0.023985233247566302 1549.7357899865583
-48.576724999999996 69.2925 -48.47647499999999 69.31750000000001 0.012308569994512353 0.04060322262316404 1593.1656978959422
-48.576724999999996 69.2675 -48.47647499999999 69.2925 0.042342300615319566 -0.034101029203922835 1575.612690863889
-48.576724999999996 69.24249999999999 -48.47647499999999 69.2675 0.029697784302205994 0.05298701036226919 1553.374477753966
-48.576724999999996 69.2175 -48.47647499999999 69.2425 0.026281914872510536 -0.042908855030564734 1545.2023428633117
-48.576724999999996 69.1925 -48.47647499999999 69.2175 -0.0160109253642525 -0.03347769623677397 1517.2189010742782
-48.576724999999996 69.1675 -48.47647499999999 69.19250000000001 0.004431126272891463 0.023799363540990683 1539.4902517123173
-48.576724999999996 69.1425 -48.47647499999999 69.1675 0.04438098506749276 -0.010960121498337649 1533.4516212194883
-48.576724999999996 69.11749999999999 -48.47647499999999 69.1425 0.019497949510538248 -7.744841200299352E-5 1530.0591976563762
-48.576724999999996 69.0925 -48.47647499999999 69.1175 0.01673785699039173 0.035762994067778144 1567.3938864983077
-48.576724999999996 69.0675 -48.47647499999999 69.0925 0.006574895728285948 -0.006458194533406278 1559.3520886881256
-48.576724999999996 69.0425 -48.47647499999999 69.06750000000001 0.0366713618898049 0.010390735358295593 1600.6365530514922
-48.576724999999996 69.0175 -48.47647499999999 69.0425 0.028550856125079828 -0.0115108973467123 1564.9458895727087
-48.576724999999996 68.99249999999999 -48.47647499999999 69.0175 0.011434648761687297 -0.012382796421059916 1545.1407471859675
-48.576724999999996 68.9675 -48.47647499999999 68.9925 0.012009019800042231 -0.0025635519877287884 1530.8372700682316
-48.476475 69.6425 -48.376225 69.6675 0.025981078868520604 0.03598538337713176 1341.030854255792
-48.476475 69.61749999999999 -48.376225 69.6425 0.033755218487102376 0.006450900645288702 1358.496271568572
-48.476475 69.5925 -48.376225 69.6175 0.023866877135720943 -0.002786840611951322 1359.517725622646
-48.476475 69.5675 -48.376225 69.5925 0.03579371593376878 0.05954565315470614 1411.90963509603
-48.476475 69.5425 -48.376225 69.56750000000001 0.02223440039095304 -0.027658224864992583 1378.1067416378387
-48.476475 69.5175 -48.376225 69.5425 -8.312677601558158E-4 0.037399238136311325 1387.2154374743163
-48.476475 69.49249999999999 -48.376225 69.5175 0.0344670259557899 -0.015113364629207014 1457.586832335953
-48.476475 69.4675 -48.376225 69.4925 0.011075540331400872 7.443739073538517E-4 1407.046937529899
-48.476475 69.4425 -48.376225 69.4675 0.024490989634749938 -0.02258029182030714 1431.5934301799439
-48.476475 69.4175 -48.376225 69.44250000000001 0.01756208701200694 0.006889711746621006 1444.536754442983
-48.476475 69.3925 -48.376225 69.4175 0.029946853864448297 0.05481233623273284 1516.877104793121
-48.476475 69.36749999999999 -48.376225 69.3925 0.044999532632793396 0.005944601542741382 1557.2862550176353
-48.476475 69.3425 -48.376225 69.3675 0.031627168242788536 -0.013511890308210163 1558.0345255093307
-48.476475 69.3175 -48.376225 69.3425 0.044372131597399875 0.018495740674883174 1562.8702460912823
-48.476475 69.2925 -48.376225 69.31750000000001 0.02762956179423419 0.04631403889987522 1615.9023152761301
-48.476475 69.2675 -48.376225 69.2925 0.00298940589480501 -0.041374073175838744 1583.8669913709293
-48.476475 69.24249999999999 -48.376225 69.2675 0.023448807870869545 -0.03168442449305729 1622.4536241748392
-48.476475 69.2175 -48.376225 69.2425 -0.030764974457334456 0.009662453515303517 1580.0867077609723
-48.476475 69.1925 -48.376225 69.2175 0.02399368263253845 -0.008355759909754706 1628.6036188947808
-48.476475 69.1675 -48.376225 69.19250000000001 0.04196806226850399 -0.010608231161117941 1564.3109768054228
-48.476475 69.1425 -48.376225 69.1675 0.022322203006443365 -0.009131990102165378 1579.1106185711612
-48.476475 69.11749999999999 -48.376225 69.1425 0.023911705508003617 0.023432901979884704 1580.0771077619324
-48.476475 69.0925 -48.376225 69.1175 0.012978195925902797 0.020916938760776726 1660.6264598525436
-48.476475 69.0675 -48.376225 69.0925 0.0033100141816712627 -0.0014106093915374903 1605.1665650963166
-48.476475 69.0425 -48.376225 69.06750000000001 0.004431263470970445 -0.027433282308758432 1599.9602841033093
-48.476475 69.0175 -48.376225 69.0425 -0.03845152316254366 -0.02081037410183522 1606.2316220665607
-48.476475 68.99249999999999 -48.376225 69.0175 0.010505825274023866 0.01547536833428836 1562.5762514278422
-48.476475 68.9675 -48.376225 68.9925 0.009097636907418428 0.05154699706657415 1629.426347687768
-48.376225 69.6425 -48.275974999999995 69.6675 0.01634437638740819 3.8605451408682773E-4 1324.6345229819517
-48.376225 69.61749999999999 -48.275974999999995 69.6425 -0.014916138277435117 -0.003526052504728625 1352.6051826415683
-48.376225 69.5925 -48.275974999999995 69.6175 -0.026412499915668294 -0.009800396287206367 1408.1427582829751
-48.376225 69.5675 -48.275974999999995 69.5925 0.006877366393591172 0.050455741557966984 1384.4929092377558
-48.376225 69.5425 -48.275974999999995 69.56750000000001 0.001589338638897782 0.05854739036819547 1481.1100096709195
-48.376225 69.5175 -48.275974999999995 69.5425 0.038001180809865115 -0.026738939833550412 1480.4131251890371
-48.376225 69.49249999999999 -48.275974999999995 69.5175 0.005759126958917207 -0.030068457348356604 1495.6833664483438
-48.376225 69.4675 -48.275974999999995 69.4925 0.030689581579472457 -0.019396056927976787 1551.9210984745046
-48.376225 69.4425 -48.275974999999995 69.4675 0.019915258595429523 0.045014018522625675 1520.0648657761226
-48.376225 69.4175 -48.275974999999995 69.44250000000001 0.01483265544317679 0.016256139957693254 1557.6995605853037
-48.376225 69.3925 -48.275974999999995 69.4175 -0.08417535699287679 0.025574041891897395 1631.563425240124
-48.376225 69.36749999999999 -48.275974999999995 69.3925 -0.019517261444908177 0.023793031698953908 1529.1205580052174
-48.376225 69.3425 -48.275974999999995 69.3675 -0.008589044981700582 0.048129890202837616 1578.560401728975
-48.376225 69.3175 -48.275974999999995 69.3425 0.03359196926251525 0.024199481803145007 1774.8495569961487
-48.376225 69.2925 -48.275974999999995 69.31750000000001 0.05334302895034097 -0.0048083853848828245 1698.56059974703
-48.376225 69.2675 -48.275974999999995 69.2925 -0.011418300964423683 0.014832542919325217 1575.4762374977142
-48.376225 69.24249999999999 -48.275974999999995 69.2675 -0.014956273499285723 -0.07685687943538995 1649.2085366080219
-48.376225 69.2175 -48.275974999999995 69.2425 0.009596423878718863 0.05165648796837407 1659.975283620163
-48.376225 69.1925 -48.275974999999995 69.2175 0.0430129878200439 0.021568396066687683 1749.7275196990513
-48.376225 69.1675 -48.275974999999995 69.19250000000001 0.0764017841741067 0.05250877142676335 1798.2817249135064
-48.376225 69.1425 -48.275974999999995 69.1675 0.1040456766177387 -0.057050036575808566 1808.5107679064904
-48.376225 69.11749999999999 -48.275974999999995 69.1425 0.025166737228771996 -0.05873370040115922 1657.4672037727853
-48.376225 69.0925 -48.275974999999995 69.1175 0.013590947588884784 -0.009954421615202045 1606.9957999245091
-48.376225 69.0675 -48.275974999999995 69.0925 0.02028997017072283 -0.010017068772259186 1630.4649012143855
-48.376225 69.0425 -48.275974999999995 69.06750000000001 -0.011429359212119723 0.0015763147406374954 1625.7573055600453
-48.376225 69.0175 -48.275974999999995 69.0425 0.008784180503915122 -0.017846481463774017 1670.430305540654
-48.376225 68.99249999999999 -48.275974999999995 69.0175 0.0509889537579112 0.0405852852353411 1667.2314586027308
-48.376225 68.9675 -48.275974999999995 68.9925 0.09476278096052042 -0.14621435152828932 1545.2057259554158
-48.275975 69.6425 -48.175725 69.6675 0.009104029819257859 -0.009537349273134129 1360.0774425145917
-48.275975 69.61749999999999 -48.175725 69.6425 0.004661488239265082 0.013374333305821658 1369.9778555534933
-48.275975 69.5925 -48.175725 69.6175 -0.01987707240639335 -0.0053445978843382315 1439.5537454032833
-48.275975 69.5675 -48.175725 69.5925 0.02335092685851795 0.03134515821114554 1461.6804809038472
-48.275975 69.5425 -48.175725 69.56750000000001 0.017883909199272765 -0.01573411981604729 1483.625946777536
-48.275975 69.5175 -48.175725 69.5425 0.02927724420980786 0.007485959288392994 1464.7137949081382
-48.275975 69.49249999999999 -48.175725 69.5175 0.07100622104807713 0.022680448819028403 1556.0024800455196
-48.275975 69.4675 -48.175725 69.4925 -0.004794347092881547 0.06535469760506064 1622.0712972040642
-48.275975 69.4425 -48.175725 69.4675 0.05073261597604714 0.006417484594687719 1640.4428340283878
-48.275975 69.4175 -48.175725 69.44250000000001 0.0628089976478272 -0.06297554239491045 1706.9173331235722
-48.275975 69.3925 -48.175725 69.4175 0.025962068158188314 -0.023654372359214894 1589.2532641452067
-48.275975 69.36749999999999 -48.175725 69.3925 0.028416551407380895 0.042759530438788475 1639.2655034511074
-48.275975 69.3425 -48.175725 69.3675 0.04937031118638121 0.022433659719648752 1693.1648231966944
-48.275975 69.3175 -48.175725 69.3425 0.005052260214657488 -0.001749729637943567 1717.8925398386802
-48.275975 69.2925 -48.175725 69.31750000000001 -0.04340505156356743 -0.05940876918862469 1741.907415524726
-48.275975 69.2675 -48.175725 69.2925 0.035156596945763056 0.0023432320554558745 1714.342794199524
-48.275975 69.24249999999999 -48.175725 69.2675 0.052764618289080065 0.006768252375504852 1684.1387367021157
-48.275975 69.2175 -48.175725 69.2425 0.09609817475584075 0.12130211538259128 1862.2762621677603
-48.275975 69.1925 -48.175725 69.2175 0.05326422247074634 -0.10682444670690315 1810.0126180149778
-48.275975 69.1675 -48.175725 69.19250000000001 0.00875370352115712 -0.0014841724285930237 1836.0091436017008
-48.275975 69.1425 -48.175725 69.1675 -0.04600988800144226 -0.04694291659819308 1774.0943245650749
-48.275975 69.11749999999999 -48.175725 69.1425 0.011874508257176232 0.007041766754887512 1679.2297640809902
-48.275975 69.0925 -48.175725 69.1175 -0.019571228490968443 0.010080833540061842 1682.9417272445878
-48.275975 69.0675 -48.175725 69.0925 3.621739201488205E-4 -0.03400331783351761 1694.1052695828037
-48.275975 69.0425 -48.175725 69.06750000000001 0.044166062775607355 0.019883637515060077 1661.8763374813632
-48.275975 69.0175 -48.175725 69.0425 0.01595922341831727 0.009097290505200802 1708.6389270538943
-48.275975 68.99249999999999 -48.175725 69.0175 -0.012052486453369066 -0.004958310377780313 1738.5428349247532
-48.275975 68.9675 -48.175725 68.9925 -0.03267660372640952 0.20547973715476317 2012.3063578238787
-48.175725 69.6425 -48.075475 69.6675 0.027027983628600878 0.015831878116799206 1426.857113306403
-48.175725 69.61749999999999 -48.075475 69.6425 0.06004493218048207 0.03202132383928168 1474.569440358591
-48.175725 69.5925 -48.075475 69.6175 0.06370197921739118 0.04529089081563065 1534.8356147184222
-48.175725 69.5675 -48.075475 69.5925 0.11864862614392888 0.0053276645767930154 1637.5815629943247
-48.175725 69.5425 -48.075475 69.56750000000001 0.017386228518404052 -0.009741925923982306 1544.9944024878264
-48.175725 69.5175 -48.075475 69.5425 -0.02033600871980339 0.04309579063893846 1661.323146112961
-48.175725 69.49249999999999 -48.075475 69.5175 -0.014460078041734005 0.06887114274521143 1716.6255796128823
-48.175725 69.4675 -48.075475 69.4925 0.08856754129178851 0.11831456665861104 1815.4130071499117
-48.175725 69.4425 -48.075475 69.4675 7.184842046477296E-5 -0.08691185966890337 1621.6716339867105
-48.175725 69.4175 -48.075475 69.44250000000001 0.03824044061565493 -0.026068668353834236 1570.724601580711
-48.175725 69.3925 -48.075475 69.4175 -0.011752172446188718 0.04007201202170343 1618.2918096285166
-48.175725 69.36749999999999 -48.075475 69.3925 0.004185343229920451 0.018517491875942878 1643.7714521011733
-48.175725 69.3425 -48.075475 69.3675 0.08801546182028268 0.07693723432059775 1835.2290502939352
-48.175725 69.3175 -48.075475 69.3425 0.08988521338670619 -0.14555367387358353 1852.7617016076408
-48.175725 69.2925 -48.075475 69.31750000000001 0.004893653267747015 0.03920620189811946 1808.5135550394684
-48.175725 69.2675 -48.075475 69.2925 0.03377951110864182 -0.00885863889387588 1831.3283965784826
-48.175725 69.24249999999999 -48.075475 69.2675 0.04116485245281927 -3.0944473146594177E-4 1824.2544413605654
-48.175725 69.2175 -48.075475 69.2425 -0.04108288254269398 0.10538221151059238 1993.0543692386366
-48.175725 69.1925 -48.075475 69.2175 -0.06895384126201477 -0.06403378173143259 1934.021165204128
-48.175725 69.1675 -48.075475 69.19250000000001 -0.013754134768323257 0.054122379069226505 1888.9879134369364
-48.175725 69.1425 -48.075475 69.1675 0.13926706787529897 -0.046112177776813396 1935.6943417593134
-48.175725 69.11749999999999 -48.075475 69.1425 0.12449915809075598 -0.04254243772127371 1770.3661482954865
-48.175725 69.0925 -48.075475 69.1175 0.059233772237625354 -0.02588800765033651 1717.1864627732966
-48.175725 69.0675 -48.075475 69.0925 0.03548425991146882 -0.034210376650311757 1708.050838775829
-48.175725 69.0425 -48.075475 69.06750000000001 0.007625706719633421 -7.118345745511978E-4 1676.7175393031316
-48.175725 69.0175 -48.075475 69.0425 0.04539179957380155 0.020887172307744235 1720.491614627285
-48.175725 68.99249999999999 -48.075475 69.0175 -0.02058420748049454 0.04226546138504331 1827.967442858216
-48.175725 68.9675 -48.075475 68.9925 -0.029435503535710277 -0.26691385925774475 1537.1772161116025
-48.075475 69.6425 -47.975224999999995 69.6675 0.018522108838147325 0.09463421237224255 1553.3969935192613
-48.075475 69.61749999999999 -47.975224999999995 69.6425 -0.03072807189461336 0.022839207004600782 1738.7546566383214
-48.075475 69.5925 -47.975224999999995 69.6175 -0.012899876170510987 0.0025617829037858147 1581.7637022927302
-48.075475 69.5675 -47.975224999999995 69.5925 -0.062293384705084914 0.022420149936187038 1646.3099922635622
-48.075475 69.5425 -47.975224999999995 69.56750000000001 0.014752614118227524 -0.011574216121246025 1562.6263402968343
-48.075475 69.5175 -47.975224999999995 69.5425 0.012783261803219812 0.05633623886260285 1614.665903611259
-48.075475 69.49249999999999 -47.975224999999995 69.5175 0.015136039199312694 -0.02422487445873442 1866.3103066455926
-48.075475 69.4675 -47.975224999999995 69.4925 0.004064315304398344 -0.10680542977853716 1712.0275431213051
-48.075475 69.4425 -47.975224999999995 69.4675 0.030661527100009817 0.06417719261344455 1595.3527183972742
-48.075475 69.4175 -47.975224999999995 69.44250000000001 -0.017794613118202483 -0.043094690004252034 1670.8504878863139
-48.075475 69.3925 -47.975224999999995 69.4175 0.07178387652979193 0.026406609921691946 1692.995394307977
-48.075475 69.36749999999999 -47.975224999999995 69.3925 0.02881777288550676 0.06801473969441615 1650.772915325226
-48.075475 69.3425 -47.975224999999995 69.3675 -0.039124952899666644 -0.04592157920149095 1789.1641998496368
-48.075475 69.3175 -47.975224999999995 69.3425 -0.04604492443528901 -0.0014115524424402489 1929.3014891008352
-48.075475 69.2925 -47.975224999999995 69.31750000000001 -0.010033909390645045 0.011092602331643893 1840.2263728155165
-48.075475 69.2675 -47.975224999999995 69.2925 -0.02223018684387121 0.09379101341120605 1841.8755506975338
-48.075475 69.24249999999999 -47.975224999999995 69.2675 -0.03290116730652394 -0.10688411696018442 1932.7852750056888
-48.075475 69.2175 -47.975224999999995 69.2425 0.11560177274710606 0.027709498606434735 1857.5085849208353
-48.075475 69.1925 -47.975224999999995 69.2175 0.009227877883825357 0.15605512672195193 1992.0357013596747
-48.075475 69.1675 -47.975224999999995 69.19250000000001 0.014359008626444937 0.006177303567123275 1964.3055488411894
-48.075475 69.1425 -47.975224999999995 69.1675 -0.09331225295909887 0.04618910092862104 2265.1438796636003
-48.075475 69.11749999999999 -47.975224999999995 69.1425 -0.032016157647172305 -0.2012910126295112 2089.877323547519
-48.075475 69.0925 -47.975224999999995 69.1175 0.027791078977100033 -0.05598757630381449 1818.2638425560422
-48.075475 69.0675 -47.975224999999995 69.0925 0.0023353942039723535 0.020718707718127737 1851.181848006531
-48.075475 69.0425 -47.975224999999995 69.06750000000001 0.005486672685257942 -0.011820552800955246 1801.613211853619
-48.075475 69.0175 -47.975224999999995 69.0425 0.005480847383886901 -0.028188432508750128 1761.3115405529422
-48.075475 68.99249999999999 -47.975224999999995 69.0175 -0.017923930949967453 -0.017916904030828885 1743.9745437874535
-48.075475 68.9675 -47.975224999999995 68.9925 0.01497384805562268 0.18337967790643261 1908.691126325613
-47.975225 69.6425 -47.874975 69.6675 0.056174999290718286 0.10624409817294835 1688.0493338391113
-47.975225 69.61749999999999 -47.874975 69.6425 0.08048325568861786 0.06276388440869188 1803.4833917998828
-47.975225 69.5925 -47.874975 69.6175 -0.07858992887508219 -0.04018113726622204 1519.5568800705778
-47.975225 69.5675 -47.874975 69.5925 -0.17205656994157154 0.032433854705141964 1324.3129372776934
-47.975225 69.5425 -47.874975 69.56750000000001 -0.08695601989460178 0.007355975404811701 1388.951150557301
-47.975225 69.5175 -47.874975 69.5425 0.07274239347959043 0.004720450210686853 1710.3083276813159
-47.975225 69.49249999999999 -47.874975 69.5175 0.036940213565946886 -0.005536154992909917 1682.121691991694
-47.975225 69.4675 -47.874975 69.4925 -0.0636097770027587 0.05837978648238843 1528.9266208870224
-47.975225 69.4425 -47.874975 69.4675 0.15175492800367735 -0.10379756303236708 1894.4343891235326
-47.975225 69.4175 -47.874975 69.44250000000001 0.11881145638336217 0.04892118684865728 1869.0282920668112
-47.975225 69.3925 -47.874975 69.4175 -0.038509981837239596 -0.03459404503804772 1783.6406226890329
-47.975225 69.36749999999999 -47.874975 69.3925 0.19101130379345865 0.07857393669625234 2125.1429739797545
-47.975225 69.3425 -47.874975 69.3675 -0.14767574850359702 -0.06476127983608797 1574.734061928753
-47.975225 69.3175 -47.874975 69.3425 0.03306551910544059 2.3264217973418543E-4 1978.2340355236583
-47.975225 69.2925 -47.874975 69.31750000000001 0.14940583610679956 -0.016281578990720635 2013.053274635846
-47.975225 69.2675 -47.874975 69.2925 -0.10866941512586929 -0.026510991026822108 1690.431127167167
-47.975225 69.24249999999999 -47.874975 69.2675 0.14079814322768625 -0.08413270558157553 1995.7898899869615
-47.975225 69.2175 -47.874975 69.2425 -0.27404625216862255 0.010842936300477947 1539.5594164507447
-47.975225 69.1925 -47.874975 69.2175 -0.3123646837934171 0.013518318263706284 1569.9176051728848
-47.975225 69.1675 -47.874975 69.19250000000001 0.017763302718208265 0.11521338481801875 1972.672199064248
-47.975225 69.1425 -47.874975 69.1675 0.16174659570887676 0.11103171649161198 2430.4621342171768
-47.975225 69.11749999999999 -47.874975 69.1425 -0.29551353338409553 -0.14664541452241117 1805.4738090725546
-47.975225 69.0925 -47.874975 69.1175 -0.002828447208633263 0.042465774864052584 1942.3853902229919
-47.975225 69.0675 -47.874975 69.0925 0.1021571887531973 0.003175309127458471 2010.451658813423
-47.975225 69.0425 -47.874975 69.06750000000001 0.22843672302400897 -0.007013701529783296 2161.5104912489974
-47.975225 69.0175 -47.874975 69.0425 0.3165028995956076 -0.02550915511317422 2260.0058133941293
-47.975225 68.99249999999999 -47.874975 69.0175 0.33668647877425223 -0.07775967684517593 2287.8212783954805
-47.975225 68.9675 -47.874975 68.9925 -0.5214056706644036 -1.0798182869610145 -132.2822188770017
